"ACCORDION_silentgesture","APPLE_silentgesture","BABY_silentgesture","BALL_silentgesture","BANANA_silentgesture","BED_silentgesture","BEER_silentgesture","BIKE_silentgesture","BIRD_silentgesture","BOOK_silentgesture","BOTTLE_silentgesture","BOX_silentgesture","BRIDGE_silentgesture","BUILDING_silentgesture","BUTTERFLY_silentgesture","CALCULATOR_silentgesture","CAMEL_silentgesture","CAR_silentgesture","CELL_silentgesture","CURTAINS_silentgesture","DEER_silentgesture","DOOR_silentgesture","DRILL_silentgesture","GUITAR_silentgesture","HELICOPTER_silentgesture","HOUSE_silentgesture","ICE-CREAM_silentgesture","KEY_silentgesture","LAPTOP_silentgesture","LIGHTER_silentgesture","LOBSTER_silentgesture","MONKEY_silentgesture","MOTORBIKE_silentgesture","MUG_silentgesture","PENGUIN_silentgesture","PIANO_silentgesture","PISTOL_silentgesture","PLANE_silentgesture","PRAM_silentgesture","PYRAMID_silentgesture","RACKET_silentgesture","RATTLE_silentgesture","SALT_silentgesture","SCREWDRIVER_silentgesture","SNAKE_silentgesture","SPIDER_silentgesture","SPOON_silentgesture","STAIRS_silentgesture","SUITCASE_silentgesture","TEA_silentgesture","TELEPHONE_silentgesture","TO-BREAK_silentgesture","TO-CLAP_silentgesture","TO-COMB_silentgesture","TO-CRASH_silentgesture","TO-CRY_silentgesture","TO-CUT_knife_silentgesture","TO-CUT_scissors_silentgesture","TO-DRINK_silentgesture","TO-ERASE_silentgesture","TO-FLY_silentgesture","TO-GO-DOWN_silentgesture","TO-GO-UP_silentgesture","TO-HAMMER_silentgesture","TO-INJECT_silentgesture","TO-IRON_silentgesture","TO-ITCH_silentgesture","TO-JOG_silentgesture","TO-JUGGLE__silentgesture","TO-KNEAD_silentgesture","TO-KNOCK_silentgesture","TO-KNOW_silentgesture","TO-LISTEN_silentgesture","TO-PHONE_silentgesture","TO-POWDER_silentgesture","TO-PRAY_silentgesture","TO-PULL_silentgesture","TO-PUMP_silentgesture","TO-PUT-LIPSTICK-ON_silentgesture","TO-ROW_silentgesture","TO-RUN_silentgesture","TO-SAW_silentgesture","TO-SHAVE_silentgesture","TO-SHOUT_silentgesture","TO-SKI_silentgesture","TO-SLAP_silentgesture","TO-SLEEP_silentgesture","TO-SMOKE_silentgesture","TO-SMS_silentgesture","TO-SPEAK_silentgesture","TO-STINK_silentgesture","TO-SWIM_silentgesture","TO-TAKE-PHOTO_silentgesture","TO-TEAR_silentgesture","TO-TOAST_silentgesture","TO-WALK_silentgesture","TO-WAVE_silentgesture","TO-WHISK_silentgesture","TO-WRING_silentgesture","TO-WRITE_silentgesture","TOOTHBRUSH_silentgesture","TOWEL_silentgesture","TREE_silentgesture","UMBRELLA_silentgesture","VIOLIN_silentgesture","WATCH_silentgesture","WHEELCHAIR_silentgesture","WINDSCREENWIPERS_silentgesture","ZIMMERFRAME_silentgesture"
0,0.10945885211565,0.242183876219082,0.115666263634735,0.21271468602879,0.167340767924575,0.152510849029265,0.15322653585343,0.0834760844823322,0.190163742329961,0.132602798559664,0.121063546853549,0.135159519332815,0.135015805731776,0.0580794017726429,0.15448299600483,0.149638487066754,0.106109183834191,0.163564108561138,0.167759150270919,0.142500103252388,0.20363251038242,0.124323844735032,0.0793572860782277,0.144375039335111,0.121473713023105,0.21842567644305,0.11438927013439,0.110570401609067,0.183371047775637,0.0834954824939226,0.191477357310217,0.0832657809008327,0.171069666609429,0.189103690716236,0.0807911952318087,0.189160540411331,0.139695573853944,0.128366028510848,0.107825140802969,0.156049909402701,0.152024250725136,0.139227909120475,0.0988204885182707,0.123658092707272,0.142110653697391,0.149585998165635,0.167362324732716,0.0965470687835085,0.117616894691725,0.130238329833053,0.134319513158438,0.151521357825595,0.192779098941384,0.0845330328517535,0.157071201381994,0.139659290593954,0.139659290593954,0.179642456294247,0.133362563795166,0.246504413199263,0.14818146198278,0.147010781249868,0.170415126724906,0.156384858793201,0.150280389758446,0.279440808844495,0.137748327080468,0.110717968058347,0.134025873843811,0.124554781541296,0.143340834228859,0.142593061946634,0.126242633716086,0.218270635527755,0.197562945429912,0.272041671316035,0.14996801203839,0.233167515911288,0.105992595145855,0.111937228070861,0.152181011323555,0.227128011752506,0.174891688457436,0.0943999675849666,0.119835944876049,0.217033363861902,0.140789998036628,0.15977889394611,0.147608579154071,0.111623837179405,0.0918891598845316,0.132097397215936,0.164412382665157,0.101964635696418,0.146335873457671,0.124601425757344,0.165570282124618,0.167918551741625,0.138465230028053,0.155983284298799,0.159297483353571,0.155998547068135,0.18637339163645,0.14729601557086,0.224818452971668,0.130247689899501,0.135615681502817,0.0964022937281677
0.10945885211565,0,0.242495169616505,0.110295317202438,0.199762024133393,0.123775590956549,0.0973880485229071,0.113929179462186,0.140046928511006,0.144823133550301,0.125369326337329,0.0972325766781181,0.111146388632928,0.129069951229093,0.138782620307497,0.138596953029698,0.163008028430048,0.0614717755239415,0.10073052293333,0.164102191981587,0.103411221944376,0.257676580572173,0.133731947838746,0.101064040365202,0.130269305790377,0.100437375683865,0.147729073546402,0.130361496865574,0.128660922898467,0.095926415030651,0.0530964049754239,0.19938231663991,0.0849083816765832,0.0634407638230559,0.197509871619554,0.118402300188832,0.143213712701458,0.198582426706724,0.113295264208203,0.111324281834779,0.195631454458776,0.0779476679410248,0.0990281180014351,0.0785211349287469,0.198678001662582,0.180892160897078,0.0634331624651585,0.156395470162858,0.0979938066377947,0.0736324863550509,0.0869614277946508,0.112757742543948,0.122714683415817,0.157526947191834,0.0758222209043405,0.094670702481209,0.101724807770821,0.101724807770821,0.117669393391464,0.115326370876941,0.259712982040246,0.104825663799007,0.128878834389241,0.0970183692898305,0.151537799422198,0.132615038936477,0.234267991481928,0.138571455767773,0.0922598751831551,0.0953351943662246,0.0845992588604519,0.107909951266674,0.0986609265813244,0.0781155476398483,0.150355293624394,0.135515526992436,0.248735192862325,0.136527627675524,0.141832176086447,0.0770630600975837,0.117554252853417,0.093433146768065,0.13747551354986,0.121076393445865,0.112660442040536,0.151999606407417,0.194439749963999,0.0942567424191457,0.135402713808428,0.123457647879086,0.0624462121911898,0.123596832595159,0.0869189344196026,0.131830744443576,0.0764403404132598,0.096902071917756,0.0855301195824608,0.11025116441198,0.126578156284743,0.0974001719799851,0.0561807450551363,0.146178446823894,0.107689577359124,0.106471939187914,0.108391487919926,0.185410530573885,0.148593678565663,0.0753583804477726,0.124358348292417
0.242183876219082,0.242495169616505,0,0.150834830409191,0.0948223062781145,0.179837465752909,0.200208090030463,0.142726166869126,0.304421303658567,0.121136630417537,0.168594235128326,0.133700783305267,0.196222173268335,0.296135396059699,0.291085372323594,0.154550648422617,0.143124278626432,0.233819154745115,0.18531493040257,0.261980652540943,0.257583205156636,0.151657695845462,0.190643719523264,0.195646690162873,0.333254084736782,0.181185708316682,0.19292182073568,0.182772381210402,0.164632679097879,0.204010013041191,0.243723255994803,0.241048508155088,0.262823020702664,0.255214058341103,0.176485404553774,0.172921506133068,0.160577034450023,0.349604919775594,0.147044959020948,0.192085133638659,0.150859757688302,0.294782836713475,0.278731509658316,0.206090934447453,0.14030014797034,0.177584561978955,0.296122211017466,0.164826797345676,0.186802247036211,0.230060259887722,0.230495713887781,0.157472323778517,0.146769259518505,0.35641066151047,0.19453418430071,0.228256564264342,0.178138191832528,0.178138191832528,0.196566742608055,0.22983881353212,0.438524918162912,0.170535314532836,0.195575280367406,0.216672660505532,0.132017248072466,0.217947257184678,0.107315974763176,0.165498540739447,0.179133787082802,0.157804588889497,0.302185029428919,0.338650294031429,0.285675612031871,0.254814092093539,0.243465970462836,0.156325572766968,0.101439886117674,0.133483661799473,0.194839297114942,0.189723011449966,0.1797300564828,0.153849848416452,0.176611971613544,0.178495071216949,0.200615851061943,0.168386657791671,0.141429098347211,0.241843495982158,0.143645265503474,0.219188433981647,0.278093541554472,0.197411555506437,0.222312365151244,0.134155063166625,0.229004742971694,0.195516648260719,0.258882908662494,0.16892794469736,0.140720881846184,0.158790591973901,0.31966746581542,0.309650445423497,0.178341157893243,0.165171569090751,0.260948313572687,0.097510180958982,0.19931521765463,0.215719774637168,0.161485168022416
0.115666263634735,0.110295317202438,0.150834830409191,0,0.104058819291201,0.0851137522256954,0.0925451611990018,0.0709272286409853,0.181455644355314,0.0661992443629299,0.0477755817875976,0.058696362942322,0.11008142912374,0.141898652887288,0.152869002950326,0.0859453388455389,0.142706888854554,0.0914073723044141,0.0752128242643503,0.152148680562718,0.127812875825552,0.162468290873343,0.134569094394088,0.106167545416868,0.168693745860493,0.0659511901137214,0.107132948510369,0.0996636264091618,0.0831667390525777,0.107748837849547,0.0889558520151799,0.232151556867169,0.133374671829787,0.107704790870908,0.207197446983236,0.104285739957424,0.0967666593445242,0.226844518673608,0.0861448398055308,0.0872899441037759,0.151365429691307,0.135101555439059,0.146824238845295,0.0970067495229584,0.127439758854557,0.0948120424413671,0.14063356825967,0.144467187122564,0.125471758692176,0.0920060127006095,0.111496356304061,0.0615256924728188,0.084660692357576,0.197459028472518,0.0974012665470045,0.0894452851464514,0.157106069372671,0.157106069372671,0.0933495027349204,0.108676971347099,0.304515217337195,0.138166513496705,0.153615428549732,0.101680690721054,0.104057894383173,0.128821679440115,0.162889401029299,0.0967318955874281,0.0796814059621081,0.064374716131253,0.137847398732176,0.172329070393757,0.13911881085144,0.116859719439676,0.129009727989151,0.0692481900531647,0.148369611212289,0.103019646363194,0.113437012218947,0.0977334881100642,0.0954260845619488,0.0855081194642136,0.133212576284331,0.0725616881854247,0.117481996608027,0.17711136912202,0.106809507955016,0.0901217018321207,0.0720595344063591,0.104906497459617,0.128922042136389,0.10973088390619,0.105279411385938,0.0713901342314682,0.107092498837528,0.133696963191455,0.108852245525191,0.0793926438121445,0.0704867382563329,0.069000205986198,0.140698605563525,0.175989717467055,0.0774931023496681,0.0684177207764075,0.122648900807684,0.0909247560881766,0.194881798514305,0.0943174966411354,0.131012828831568
0.21271468602879,0.199762024133393,0.0948223062781145,0.104058819291201,0,0.14877319617329,0.145502703412629,0.104855686088526,0.303737822737278,0.0741856629745406,0.117699277081085,0.118265195113519,0.117605262634279,0.266666129316338,0.265673095499835,0.0868470674232685,0.106635081307291,0.181068958919158,0.142049786660563,0.230894434142819,0.219530744746688,0.159556797069574,0.196586646265095,0.15918774218953,0.30360705932045,0.131547521638793,0.112024377622033,0.0911155900363144,0.100226692978719,0.139502504935848,0.205589410641665,0.275316863642998,0.237244948675648,0.204058266944,0.214128496823925,0.102493155735174,0.0838939685022219,0.373487391024274,0.114462394979996,0.150688432116406,0.156551069537207,0.251905188804418,0.1882153581812,0.143991021159392,0.126753722388589,0.111451558311815,0.235449847792309,0.116957853216229,0.181995920303236,0.166074365014772,0.175736973573508,0.108063800820873,0.0848555218794547,0.312636519244273,0.142063097755936,0.177837127477131,0.140143715354189,0.140143715354189,0.132641288600081,0.136809966700097,0.471395799190713,0.120497979141047,0.133531689576492,0.138751191889976,0.0824256628581399,0.129572080714388,0.0738963648298863,0.131129833995688,0.141267745421606,0.109670880713125,0.246817758806691,0.278523756854501,0.216968361468388,0.212968964547692,0.179038976897905,0.0982634447417241,0.0885862167179656,0.131115275890603,0.126219873352573,0.154608262538634,0.143904860315908,0.0968711647544917,0.122610567035034,0.125369165142814,0.182079879672065,0.142474583273405,0.100787740566273,0.187771864121591,0.0889802221959205,0.129758721951975,0.237238331371151,0.145182108382322,0.187510532735011,0.0966186975116006,0.162750804057416,0.135947133446935,0.191318239718305,0.11207450689386,0.102751483400052,0.11855683328681,0.262127428633988,0.296778436886431,0.13522550665977,0.136104092201258,0.183790227880989,0.0599978535135407,0.221285693824958,0.1496557655066,0.176309686030521
0.167340767924575,0.123775590956549,0.179837465752909,0.0851137522256954,0.14877319617329,0,0.126764598550366,0.0830106455502018,0.23329696179859,0.0895761805421922,0.0716777784245458,0.0848559887037583,0.150384479027875,0.172260379103294,0.221656334224288,0.104414901945219,0.166776258957149,0.113095626346477,0.0298708463910866,0.16825272608293,0.136878122845407,0.232262670566115,0.116545762887081,0.111091332031636,0.209604594833472,0.0959229379320255,0.147999776454598,0.115540048245945,0.093703450929935,0.140893810747587,0.139340393744329,0.239521234775091,0.166542440306278,0.13433690674074,0.211692361603743,0.154339089938563,0.137620152282421,0.283870095156016,0.107595271411323,0.0938850331683528,0.234619035257954,0.175026632296347,0.169914573453622,0.0817131814690896,0.18698437885141,0.146774663823355,0.156926641404988,0.16539869168568,0.15436702440841,0.115123243331809,0.151622807981726,0.097087622277867,0.102506990369432,0.219639062659604,0.122963983479116,0.0733098160533151,0.17120577976051,0.17120577976051,0.120533013316415,0.157168008010786,0.356981553434224,0.14375548062227,0.177558970847757,0.129447859180267,0.177898057335115,0.148445366482135,0.206226228096378,0.141776261569164,0.103206177172654,0.086278147895933,0.178318041934364,0.1862060521944,0.192182294088137,0.142811641775854,0.183291958844427,0.0688728897724437,0.193652315909006,0.131825189154318,0.165485296167754,0.0918323960468163,0.122415688834501,0.11909408879171,0.157981353239955,0.0767023027332869,0.141748075238028,0.204860364359192,0.111852823032128,0.155913872498268,0.10280012373294,0.146765972111812,0.132776016694711,0.145278854035758,0.0894316511752897,0.0797380291896176,0.142271458144782,0.140386596503944,0.167973065279166,0.1273294925222,0.0790219739972012,0.0945016246610492,0.163895613987304,0.186278538788281,0.083884806089837,0.0445382683900904,0.159610070508948,0.122156699759612,0.204617907885078,0.132836651947097,0.149225873627881
0.152510849029265,0.0973880485229071,0.200208090030463,0.0925451611990018,0.145502703412629,0.126764598550366,0,0.0743069031938477,0.211273771797841,0.11336926093708,0.0867438831470514,0.100640019933811,0.0678451503265987,0.13812193421618,0.196963819775926,0.0732736152531417,0.124633867130358,0.087045179144828,0.104082522321866,0.144599205820971,0.0924550956927166,0.229955199478969,0.178558890082239,0.0837881360683093,0.14376108673135,0.097135482563307,0.0693480069512186,0.0658953995109348,0.072867429850839,0.0747918767145129,0.113603849506681,0.24628810972605,0.136521531103621,0.0582203786239014,0.200957298205784,0.122658594193251,0.0886617379016744,0.292306954495456,0.0881234044938655,0.122365441658603,0.225121944553211,0.113780521533326,0.0992832219675343,0.0608299393417367,0.155686793841021,0.100483391404513,0.0820923749064393,0.0988942848560854,0.126299825229054,0.0603498633685471,0.0514205512811607,0.0894117739109814,0.0863296605522675,0.141840962111118,0.0930384442652983,0.0775313279068567,0.0938743807658813,0.0938743807658813,0.0279140929770323,0.0906612202257842,0.369594626468103,0.0939788046613059,0.100549788365999,0.0684891735909027,0.126723685349949,0.0961303394215739,0.180896418317735,0.125015093056209,0.0874329408940435,0.083878963850055,0.1108868771536,0.105488293895415,0.078867994756333,0.0741865692627629,0.077652460901905,0.101234193851314,0.220190570290238,0.10392657457113,0.063944725742496,0.0807365818566319,0.0964378895549488,0.0782031503166104,0.079529974924264,0.0888048557116343,0.111201632050326,0.142540228420687,0.135460918858102,0.0853523219190375,0.0871869684597046,0.0769972244034093,0.0793669969442853,0.139489864275402,0.0809768696611025,0.0731711711327531,0.0830734402001416,0.0710637310543689,0.0853516117778654,0.0600377413104532,0.0705325835521179,0.0707773439457234,0.111515039505811,0.164551253300687,0.0664426144619727,0.121305453812099,0.092533677590098,0.163513879086569,0.190899782356203,0.110382200881682,0.124060855058507
0.15322653585343,0.113929179462186,0.142726166869126,0.0709272286409853,0.104855686088526,0.0830106455502018,0.0743069031938477,0,0.228905990586767,0.0499857262819206,0.0592298026512459,0.0783682667510723,0.0996436334528142,0.177136972700499,0.190818527509101,0.0504940653677564,0.131767686374002,0.0954496483282429,0.0636868698556315,0.166171668481324,0.121983243544967,0.202335083398004,0.133866931911838,0.088581424360366,0.207359392790648,0.0700280185163982,0.0831821639709851,0.0810841095772015,0.0454390166379365,0.0893103613091506,0.118469867900671,0.228104502027761,0.151727661210058,0.109395951187281,0.177575159564488,0.094422662220079,0.0944034751769142,0.294863830749441,0.048616387923618,0.094503258592872,0.193438240614634,0.156939106805518,0.125221896728134,0.0550205063591655,0.151106119849371,0.0979352591345773,0.138425287499304,0.109275600863454,0.131088850005866,0.0771456567865122,0.100866999890423,0.0486441399886802,0.0693172769680121,0.208839785671224,0.0687466652400431,0.0806471294926815,0.127389946688215,0.127389946688215,0.0809062584123416,0.0931106573648933,0.390217667738926,0.115171410930498,0.125829513712721,0.0914028022570892,0.103097232747791,0.105892108373008,0.167452051516834,0.0845044935481928,0.0765775596882949,0.0385665148236561,0.150009736590489,0.183926803225605,0.137652590600851,0.11484792998806,0.115269552290265,0.0565503843911367,0.165120487322454,0.0612648458324603,0.0998909011908557,0.0744234908817334,0.0775110774182315,0.0605025154558635,0.104586278670162,0.056653542241381,0.105306694454701,0.164049019195799,0.0898154711397778,0.102867531395125,0.0517617652893869,0.0794601604012401,0.139981747049002,0.1001501069201,0.091009930717809,0.0472088614671471,0.0991535104669227,0.106998373063917,0.108782037535757,0.0486959680174325,0.0537932924982471,0.0542201680275361,0.150127123113886,0.19093538514176,0.0599398863606503,0.0661569121787135,0.114874468357467,0.100391057209103,0.179523864057785,0.106433639453609,0.117814851484404
0.0834760844823322,0.140046928511006,0.304421303658567,0.181455644355314,0.303737822737278,0.23329696179859,0.211273771797841,0.228905990586767,0,0.272996547931092,0.213849127377087,0.191278501834865,0.219828972946393,0.192758915742378,0.0595920817056749,0.226683144174181,0.209868883353669,0.170721040233032,0.227943402355895,0.237643198509238,0.202427847120108,0.264010394100371,0.174979481924856,0.149409741272822,0.144337089972254,0.184410009649649,0.281666376158663,0.225430440136622,0.209774576605266,0.226554448241088,0.119545975288794,0.229621745075409,0.0965926474071016,0.202076084569206,0.218928115883414,0.132503638807865,0.255921177933221,0.0953960182268886,0.19806617525276,0.145132040642052,0.213358113571709,0.163301073042182,0.135662725488471,0.171576229691402,0.210931340969659,0.220423854968813,0.179305847198042,0.268487405358112,0.129879666853419,0.189045952502016,0.172870491863853,0.214177236776801,0.245997764821515,0.245355021811578,0.13690652186157,0.231751817852193,0.199271141844823,0.199271141844823,0.224553040218552,0.200750230672102,0.161381437620726,0.203445097705552,0.23212316344942,0.213004501758112,0.241457990138867,0.208956860551455,0.361251237330529,0.202380391493892,0.182137448178406,0.225052381609944,0.120837186683294,0.126774664873076,0.150256329647635,0.162091722570843,0.252369497475459,0.269681155883231,0.375824679094028,0.209752028126451,0.267255487159203,0.170307853224086,0.168009962820931,0.224301528556129,0.267996548063005,0.258560730360439,0.151622773722788,0.137381143588736,0.316326787426819,0.150810379028909,0.247953058761188,0.214358162889332,0.143104758159996,0.119491894276775,0.193663303415113,0.228537431120276,0.144987196783692,0.210927632278985,0.139573673017871,0.244498649679713,0.230593763933924,0.19438506695491,0.150754273901884,0.218795942391228,0.205217800353906,0.244603066844492,0.189863631723878,0.328590989508587,0.170426551101561,0.197899214148283,0.14531075445211
0.190163742329961,0.144823133550301,0.121136630417537,0.0661992443629299,0.0741856629745406,0.0895761805421922,0.11336926093708,0.0499857262819206,0.272996547931092,0,0.0673963074362952,0.085247003949192,0.120502289656079,0.21719302454901,0.233270263155709,0.0692889987438705,0.139229949402849,0.131500843016406,0.0807185446346184,0.195700545767826,0.161332908835121,0.184923050044945,0.141454985406977,0.132772529201223,0.257044646920657,0.0856766765194356,0.112219998521916,0.105215560736216,0.0799759037037496,0.120955728871681,0.158580939692056,0.247330858005486,0.196984702570099,0.151539022367596,0.198963572235859,0.11707103325249,0.0911137820840797,0.334631122695876,0.0774090966469317,0.111352815002764,0.183459182762132,0.199748621567282,0.173534784812244,0.110764305651998,0.149630648428282,0.112721530088433,0.181343827761932,0.130633114316153,0.165762895229398,0.115739650030501,0.14736488118233,0.0609412913771196,0.060267329671018,0.251853527835025,0.094469774875513,0.111753832464924,0.158992281410573,0.158992281410573,0.109519255386729,0.130039876118429,0.429771616666709,0.133936010703346,0.162044951208221,0.128372476971218,0.110523283133791,0.137978177481822,0.129538240055933,0.113933583398635,0.104059859422821,0.0517107594219907,0.20794633858675,0.226769645043527,0.187240599659686,0.162826948928726,0.156468030938646,0.0427113022740037,0.121890000811554,0.104870783234506,0.120981414304327,0.113684422873015,0.115504108201352,0.0821810264172361,0.128220409613199,0.0668321866528414,0.147754032554669,0.174407458147372,0.0670344924802689,0.146459076340727,0.0566790429583738,0.119438099184464,0.177710688077955,0.116288161123297,0.125430522220186,0.0543911724407168,0.139280401662874,0.138781155951929,0.163248129648462,0.0772311886954705,0.0596993147872191,0.0705517258665985,0.202278782603779,0.235392514910632,0.0823736800630499,0.0758849992990849,0.165223741960295,0.0526570275723784,0.20175900821619,0.12836937809758,0.156818649063123
0.132602798559664,0.125369326337329,0.168594235128326,0.0477755817875976,0.117699277081085,0.0716777784245458,0.0867438831470514,0.0592298026512459,0.213849127377087,0.0673963074362952,0,0.0544259818480694,0.113969347790469,0.145693495099449,0.178485631360932,0.0772027697245773,0.153917890979444,0.0947679997898843,0.055512476373852,0.142618057149337,0.116705893749377,0.20320488411147,0.149910455284968,0.0972188268897123,0.187100853117881,0.0476504947296493,0.114865070150743,0.105288970250289,0.0880640749189301,0.125159657570277,0.112123917282064,0.249738507000273,0.144905763480186,0.109100310066501,0.209569330091649,0.115931722535415,0.118998598493957,0.266539948938993,0.0891833850202885,0.065518835020499,0.185859162280039,0.171175706336068,0.152017808479132,0.0738572217168807,0.157258223564631,0.114939336029655,0.141465663812395,0.15536662921264,0.145900239983561,0.0813682121334228,0.106339842795136,0.0548524823689139,0.0811844372163106,0.184708046877067,0.0899660963467856,0.0664768993410447,0.172149157614931,0.172149157614931,0.0840714214720058,0.116804096233445,0.36060539916809,0.14114098957615,0.167310603123857,0.112315008327171,0.129190330627825,0.130005389605566,0.184067796701179,0.108909608154482,0.0983575966279254,0.0629285429353357,0.142174215229602,0.160739167986396,0.133115545215301,0.109139017773529,0.131850104884845,0.0532108872868153,0.17321362171851,0.101683015810366,0.118606479165342,0.0913815061594648,0.103222101753381,0.0875099608585971,0.131160311612665,0.0524303057255781,0.117643124192108,0.192288937564394,0.0783758324041207,0.110880885795802,0.0778778266371055,0.113353414033361,0.116584174571711,0.12220289922859,0.0864671275620978,0.0600227088799361,0.115587367161036,0.132949214329221,0.126601512490355,0.0765368071479243,0.0504956409505269,0.0599949381211691,0.139898200184426,0.170379968719704,0.0599482861799653,0.0634433460428318,0.131932786862636,0.111260720762871,0.203949276334425,0.108467295276614,0.137381517814891
0.121063546853549,0.0972325766781181,0.133700783305267,0.058696362942322,0.118265195113519,0.0848559887037583,0.100640019933811,0.0783682667510723,0.191278501834865,0.085247003949192,0.0544259818480694,0,0.131529802697624,0.129145641467233,0.17366795645069,0.0975427170530802,0.137381684785443,0.0832264460023581,0.0757783623801597,0.136566876320323,0.110718067120858,0.205559948750203,0.130930385925917,0.0803068963170533,0.155856731960087,0.0448373982197603,0.124680901432412,0.101274321402474,0.0766820589038636,0.131519612632312,0.0903770554580539,0.240643462189938,0.127175235273854,0.0959339794434075,0.199452296518211,0.113025604538941,0.121985854816302,0.244535799784876,0.0818553567848901,0.065858181093026,0.176665704296933,0.135896534292249,0.159607814728457,0.0968478758398035,0.152940593548423,0.120170009976982,0.123385855911151,0.154309079982315,0.13538648612003,0.0821134838622783,0.101309798391935,0.063269512618354,0.0919482546229212,0.17889407920654,0.0942493118504695,0.0830559370563112,0.15227746369757,0.15227746369757,0.0951014341355959,0.120654477195408,0.334586817265998,0.132347051910508,0.162335441652944,0.119503408764528,0.141559813428695,0.135782685994125,0.173210260152602,0.115027936318383,0.0867071423003856,0.0712218281497017,0.112405973640311,0.140974556137024,0.131390875188306,0.0977379460542991,0.129397823207714,0.0678210542528407,0.156377102023329,0.104311232878208,0.124545593055367,0.0879397459392265,0.106113265707595,0.0925750264296469,0.133426476683782,0.0639230583354947,0.115232204663353,0.178970834700215,0.0887531727806149,0.0950903078660036,0.0939165695360007,0.127635159092926,0.100941599345078,0.120703423179722,0.0913728288293146,0.0709989778717178,0.112613010498835,0.138087375728129,0.124209028120558,0.0820742804937852,0.059621053527599,0.0603893371572036,0.103167966945092,0.155429759302251,0.0596639592230254,0.0724446977349206,0.125628057002135,0.120971760503187,0.197839667829516,0.10321762662645,0.129426491254225
0.135159519332815,0.111146388632928,0.196222173268335,0.11008142912374,0.117605262634279,0.150384479027875,0.0678451503265987,0.0996436334528142,0.219828972946393,0.120502289656079,0.113969347790469,0.131529802697624,0,0.208065900825002,0.193709091083388,0.0740438011920902,0.107923560061734,0.10670431705324,0.133607908639039,0.223974710404799,0.15694816988366,0.223661078785272,0.192976903286813,0.0764011917405996,0.208854727003657,0.122393184811891,0.0643586859745621,0.0547785132344127,0.0738752165892343,0.0784913733202346,0.114928131869981,0.246075182317571,0.128840187381459,0.10057861209018,0.191423550017618,0.101471617878797,0.0738312086473937,0.297280163622472,0.0892369431836047,0.148380606832955,0.186042042034753,0.117724449104748,0.100375789502419,0.0694120226047405,0.146808733895969,0.0950003929760283,0.123039568856621,0.0586699680786373,0.114121824899251,0.0902208728381143,0.0885255665030979,0.102699710275017,0.0803918919595956,0.21361519107505,0.102831473327928,0.125452998854546,0.0547582684868296,0.0547582684868296,0.0659269916479816,0.0906718623913065,0.389543513072144,0.0917430863304026,0.059783272878999,0.0718834574031895,0.0963899925903172,0.0739212337221148,0.132412530676838,0.120418628260565,0.10092257788093,0.104924154871319,0.138557398665499,0.173639561292287,0.122721731195235,0.115034758512843,0.0968516300819758,0.118603057564334,0.154724931174095,0.124702783230574,0.0703869490962012,0.0993345223988846,0.101159520303896,0.101565700161363,0.0842436885509136,0.114457649654081,0.119811067432314,0.0995663779767212,0.135575884065214,0.112701799102553,0.08576860470758,0.0741362272139548,0.13950936315204,0.132658765845785,0.135135274520884,0.095297244712678,0.082074073618962,0.0535383908063754,0.0915883738553803,0.0639966604794482,0.0868223978610388,0.0843967032071557,0.150287973392062,0.232258737499376,0.106549952214567,0.145448218686719,0.0878784443763059,0.151888736154925,0.174701360785298,0.115147662986605,0.114781201167221
0.135015805731776,0.129069951229093,0.296135396059699,0.141898652887288,0.266666129316338,0.172260379103294,0.13812193421618,0.177136972700499,0.192758915742378,0.21719302454901,0.145693495099449,0.129145641467233,0.208065900825002,0,0.170342055015797,0.199209366523732,0.233721634918559,0.129468153909569,0.172637121604277,0.0823895036140262,0.0827250910676258,0.32559809068241,0.1970603310075,0.12905009562611,0.114315530074322,0.138119249849678,0.189145458903402,0.184713846686633,0.164698644718699,0.185063293632384,0.14017967526999,0.314885432350732,0.153701989556534,0.110698979246976,0.270915006398481,0.18702529504116,0.2230289854701,0.224874476148497,0.195612661701594,0.131029968492096,0.239123403277905,0.141969550196032,0.178837208656297,0.119893745382265,0.265689564144115,0.244739439053708,0.118546324337726,0.234762579958413,0.181653655303194,0.136216296822152,0.132726606098246,0.180815360976375,0.211063694187122,0.104336989323943,0.179277261345707,0.128445982106485,0.227529247910611,0.227529247910611,0.130345625986536,0.18009413443571,0.308192325422813,0.21162925284283,0.228043759536542,0.156501634910258,0.253990783109082,0.182486921918051,0.324077157331635,0.204445572187577,0.116905773789535,0.176163108129102,0.11955992674717,0.119607678712383,0.145870306165173,0.115444667645204,0.166036299393979,0.20424270374595,0.299106667346835,0.187132447653529,0.180854848526652,0.127630753752609,0.175071177130221,0.160723204934223,0.18676699561017,0.1734294326197,0.154111802864753,0.236086382733179,0.211562843794534,0.124914016993776,0.217784385058143,0.195562099737173,0.101327406295952,0.181149369633983,0.100597488999431,0.167176887102107,0.160163376340019,0.20748409663303,0.166405214757449,0.182863365147535,0.140668342517813,0.136136325882313,0.106296748679891,0.0729985216842559,0.118563478263397,0.176764774781294,0.13613847325668,0.255495528701202,0.207740038039898,0.141273594710353,0.165093297715503
0.0580794017726429,0.138782620307497,0.291085372323594,0.152869002950326,0.265673095499835,0.221656334224288,0.196963819775926,0.190818527509101,0.0595920817056749,0.233270263155709,0.178485631360932,0.17366795645069,0.193709091083388,0.170342055015797,0,0.185085164961505,0.192979696042824,0.144987388298678,0.217521020894658,0.22142793460109,0.182541855144239,0.275051313729576,0.156363352235496,0.0973599550558457,0.140595514483622,0.163677231320454,0.246563551805667,0.167589529281085,0.146801943956619,0.208555468519473,0.105524305416522,0.194733179422907,0.0865917891220299,0.200183680511212,0.190413134477446,0.113255601619985,0.218431001154978,0.123991582836961,0.168051492651517,0.138821894510182,0.201336346268091,0.162794726353923,0.13231070876966,0.126880593380885,0.187568201596709,0.183697640258411,0.177168002780164,0.233529003816366,0.112638294643709,0.166428711421322,0.162197054575039,0.183286995829892,0.220716988458036,0.225145748961304,0.125333077339297,0.212979615749344,0.182420631369779,0.182420631369779,0.208690804408469,0.182886866431216,0.176031430379675,0.187688215898731,0.204477934377868,0.18660631258097,0.211954083510012,0.179070611749828,0.327826205970684,0.180545405292997,0.147511158566914,0.185335103474269,0.123481960968711,0.140760174358693,0.15497699946644,0.15557619374559,0.24193577397431,0.242462209348786,0.337217708850091,0.1874239150094,0.254298911628394,0.139295851783443,0.146980080680749,0.19615199267549,0.254300888901197,0.234771638124311,0.124692879156268,0.14813297279547,0.279769554570684,0.146592802740889,0.202324329068229,0.184396478000155,0.140976657342121,0.109698308732384,0.175519456686559,0.202239080762527,0.12804176365539,0.194181847719967,0.140815319947138,0.210878999860088,0.203286176911509,0.164890647196943,0.164135027542907,0.180597669070676,0.19061705337357,0.222335983930866,0.168406427994763,0.284396541862676,0.129913434321348,0.168571507288256,0.116236752455256
0.15448299600483,0.138596953029698,0.154550648422617,0.0859453388455389,0.0868470674232685,0.104414901945219,0.0732736152531417,0.0504940653677564,0.226683144174181,0.0692889987438705,0.0772027697245773,0.0975427170530802,0.0740438011920902,0.199209366523732,0.185085164961505,0,0.104392418538792,0.113104568706732,0.0907553699914167,0.177315652786582,0.151903955877134,0.19559278901192,0.150516874366488,0.087198122830922,0.223138953099784,0.0877206024838874,0.0811335555086125,0.0587789296809766,0.0399767908375012,0.08890285070498,0.124226304550392,0.23074348211914,0.153831779538997,0.136172486835859,0.1786633411555,0.0687953321536996,0.0649866543043819,0.289763421027677,0.0478355009623948,0.106834982296717,0.177876874335814,0.165435335115318,0.115769391256289,0.0636710856254079,0.130593452599058,0.0829537376976801,0.165034418526361,0.0995959862447906,0.130579902577272,0.10637381017457,0.0982165323347761,0.064355588380379,0.073077352153033,0.236375860456725,0.08738725159864,0.119345040185098,0.126534426087889,0.126534426087889,0.0850257679867241,0.0877008029400031,0.39624567857706,0.116662370201721,0.122532096833091,0.0858954437561397,0.0740428477539733,0.0987070700014703,0.133065462784459,0.0739150903414625,0.0872359545845932,0.0543772854040842,0.158756516681295,0.199890722826837,0.13440946427829,0.118177057041781,0.114659499214766,0.0757457800374176,0.166187896765505,0.0762369829292114,0.0944886919192626,0.0838911466264561,0.0751576511230617,0.0635677961715046,0.106131709280788,0.0829799144185617,0.102262888868938,0.139273738040265,0.11152256862923,0.118241518068799,0.034084160827246,0.066583692074374,0.158546165047292,0.0954368967906452,0.119085602188312,0.0629471443052342,0.0856669209505975,0.117564955190574,0.109415831697028,0.0557756403001807,0.0662993250909087,0.0765729196543917,0.185018396507808,0.220317438544662,0.0694683559947474,0.114538151598126,0.129732461032448,0.111607627304408,0.184105880825331,0.119789989014659,0.117925986180002
0.149638487066754,0.163008028430048,0.143124278626432,0.142706888854554,0.106635081307291,0.166776258957149,0.124633867130358,0.131767686374002,0.209868883353669,0.139229949402849,0.153917890979444,0.137381684785443,0.107923560061734,0.233721634918559,0.192979696042824,0.104392418538792,0,0.154901526394199,0.165416618087667,0.257086335717985,0.193884367407752,0.155303164360744,0.204665562652163,0.120708559371545,0.224060452913404,0.171451536216683,0.101129121942661,0.0849490175235455,0.103625235393921,0.122560026510091,0.137118842892623,0.248909471225883,0.140390067171673,0.160073560010521,0.207418036321881,0.115159966946864,0.104231128620474,0.280818526571486,0.120152600921752,0.207301785020168,0.143706734557757,0.172178743079015,0.125421684109029,0.093976854576567,0.0710014203821498,0.121026656083162,0.173762324100917,0.0873661438005493,0.139226793286132,0.156742801066163,0.119721547504069,0.151773195950986,0.115707491300943,0.262607787102691,0.145985785546669,0.186964199952329,0.0741243303379736,0.0741243303379736,0.121720002582965,0.152509035031252,0.366021620054856,0.082656309304555,0.0876268694102277,0.113239926720353,0.0980619694526756,0.091454179993604,0.0962529372462589,0.155348665940306,0.130664273289138,0.130069937776868,0.157341213923577,0.214286926755162,0.154241088137828,0.149427738959774,0.149614884144546,0.149473305977684,0.135077175610043,0.140745069014396,0.122452475812702,0.135658240745467,0.143394737816432,0.138527945079795,0.132997778654836,0.166786323080402,0.160801572297022,0.109250528527719,0.161563867900881,0.144937430250215,0.108262410981872,0.111594955522988,0.186667267538723,0.166785100255602,0.172522343603216,0.13078877154306,0.122328311362239,0.0905436561517243,0.108299505408707,0.124065584963698,0.131092552333767,0.129966086280643,0.19293525837439,0.267247889059704,0.144176512868785,0.17456222000065,0.130504660924964,0.17302879736464,0.196463779527268,0.150718357906811,0.140845778648512
0.106109183834191,0.0614717755239415,0.233819154745115,0.0914073723044141,0.181068958919158,0.113095626346477,0.087045179144828,0.0954496483282429,0.170721040233032,0.131500843016406,0.0947679997898843,0.0832264460023581,0.10670431705324,0.129468153909569,0.144987388298678,0.113104568706732,0.154901526394199,0,0.0927844585229626,0.152545815696241,0.104969699827272,0.260412374819842,0.11528873387279,0.0723025089986687,0.158557855534319,0.0753416177914276,0.0947329509565165,0.118771410130601,0.100753643699703,0.105842049864592,0.0634797606653659,0.244123777992317,0.095375042400462,0.0772592105672218,0.212866121542179,0.103100797007053,0.147035054369726,0.224053536010115,0.0912120390302871,0.0879722055359572,0.204259478234822,0.100250216396586,0.115257858074793,0.0775478943303372,0.183100496150054,0.154253819517621,0.0901208365028016,0.14166255069065,0.108754362601024,0.0544357451443727,0.0802157920371532,0.0921667653383283,0.0999855760942965,0.173945797137645,0.072111455750738,0.0839885267160052,0.130447323279469,0.130447323279469,0.0864970724043622,0.104732982447753,0.312586142633734,0.13097096802174,0.131479049400535,0.102248741658994,0.159797115824643,0.111318462818614,0.229865177528743,0.131109696841234,0.0803540050129703,0.0911933630552349,0.110455013091564,0.129797384090409,0.108454165613979,0.0829998058163034,0.0975463506518386,0.105267595485941,0.222297282238413,0.114764190130233,0.0980679137571584,0.0666894997462034,0.096186230962197,0.0913110774275274,0.105399625273124,0.0895544500520497,0.0874966638199875,0.162960908145571,0.142133808873578,0.0815982660849594,0.124435949793876,0.108338864923218,0.0876844078366141,0.115523343996378,0.0851490023436361,0.0898747553667118,0.0799966872490697,0.103612038421544,0.103599076009108,0.0787246470462555,0.0846088415693202,0.0638118580160798,0.0880153963553596,0.156644633967096,0.0920331574765344,0.0957104327065639,0.0810629559976766,0.168680188381167,0.189762463239156,0.0651023230645852,0.123993313308185
0.163564108561138,0.10073052293333,0.18531493040257,0.0752128242643503,0.142049786660563,0.0298708463910866,0.104082522321866,0.0636868698556315,0.227943402355895,0.0807185446346184,0.055512476373852,0.0757783623801597,0.133607908639039,0.172637121604277,0.217521020894658,0.0907553699914167,0.165416618087667,0.0927844585229626,0,0.162742251938166,0.119766179945185,0.238497116991891,0.127225688763819,0.107405962916057,0.203877877004785,0.0821849191378858,0.133996376169417,0.110201568342952,0.0859056834807942,0.12852814946825,0.127293607519773,0.23898218248841,0.167069691885702,0.11143740278855,0.203282041155701,0.145366774646248,0.126905512799372,0.282723197246043,0.0897697479406536,0.0867050902574259,0.229412962984524,0.151660735330552,0.165635990233712,0.0844156448346168,0.185309165824033,0.133443785546877,0.133392683062035,0.15304378128221,0.151439523240576,0.0929542101409372,0.129835785181038,0.0807346640101953,0.0900889772632803,0.203243634522483,0.102418302352115,0.0701226262111481,0.16150054602072,0.16150054602072,0.105767681895931,0.143967500735467,0.359460377585344,0.133363474604625,0.165292622600234,0.12014346040096,0.164025982588489,0.145452763740189,0.197232185741411,0.130260293475322,0.0955833144526975,0.0640669712362531,0.156665151191685,0.173520987624013,0.167245958922458,0.117383864004298,0.157924265061481,0.0585294352927565,0.187223574982382,0.113015520088755,0.142948457163828,0.0800810611098619,0.111478371644443,0.0978658800926725,0.131199870835877,0.0673325517303939,0.124537192290941,0.190315763855316,0.111948204737757,0.137559841875838,0.0874037326587296,0.137042479737895,0.113883385802245,0.139939900590311,0.0715349852540529,0.0632599313580567,0.132009305225336,0.123779980720601,0.151477696965255,0.098880218657064,0.0677593281181161,0.0785474094709322,0.139423967519328,0.17197061710867,0.0692296465716108,0.0324982795387852,0.143990878604053,0.119149865487109,0.202795867959565,0.110809207516553,0.144430358889986
